# This is the headerof the file
0.20594 0.98651
0.70846 0.19280
0.18365 0.95838
0.27141 0.58437
0.98948 0.62847
0.45181 0.57714
0.97002 0.81224
0.78071 0.62878
0.97789 0.01593
0.57642 0.73469
0.93764 0.97136
0.92109 0.61280
0.67222 0.51405
0.04006 0.74184
0.27569 0.90562
0.49722 0.38971
0.21676 0.88187
0.31387 0.17167
0.75615 0.21096
0.21909 0.90169
0.10416 0.73504
0.48664 0.84536
0.48637 0.59801
0.71648 0.40780
0.74558 0.79933
0.61272 0.02997
0.61400 0.04872
0.67079 0.23957
0.66680 0.88666
0.40102 0.35353
0.92049 0.74266
0.02197 0.88628
0.35636 0.18487
0.64670 0.08665
0.15640 0.12156
0.15733 0.10957
0.47040 0.64421
0.11187 0.52745
0.89131 0.14706
0.77574 0.70308
0.38943 0.14711
0.92957 0.21169
0.86680 0.90958
0.48373 0.63247
0.40569 0.31502
0.79874 0.80508
0.88312 0.02780
0.69832 0.73790
0.07073 0.76884
0.40720 0.96733
