# Values of beta (v/c) and its respective gamma function
0.0000 1.0000
0.0101 1.0001
0.0202 1.0002
0.0303 1.0005
0.0404 1.0008
0.0505 1.0013
0.0606 1.0018
0.0707 1.0025
0.0808 1.0033
0.0909 1.0042
0.1010 1.0051
0.1111 1.0062
0.1212 1.0074
0.1313 1.0087
0.1414 1.0102
0.1515 1.0117
0.1616 1.0133
0.1717 1.0151
0.1818 1.0170
0.1919 1.0189
0.2020 1.0211
0.2121 1.0233
0.2222 1.0256
0.2323 1.0281
0.2424 1.0307
0.2525 1.0335
0.2626 1.0364
0.2727 1.0394
0.2828 1.0426
0.2929 1.0459
0.3030 1.0493
0.3131 1.0530
0.3232 1.0567
0.3333 1.0607
0.3434 1.0648
0.3535 1.0690
0.3636 1.0735
0.3737 1.0781
0.3838 1.0830
0.3939 1.0880
0.4040 1.0932
0.4141 1.0986
0.4242 1.1043
0.4343 1.1102
0.4444 1.1163
0.4545 1.1227
0.4646 1.1293
0.4747 1.1362
0.4848 1.1434
0.4949 1.1509
0.5051 1.1586
0.5152 1.1667
0.5253 1.1752
0.5354 1.1840
0.5455 1.1931
0.5556 1.2027
0.5657 1.2126
0.5758 1.2231
0.5859 1.2339
0.5960 1.2453
0.6061 1.2572
0.6162 1.2696
0.6263 1.2827
0.6364 1.2964
0.6465 1.3107
0.6566 1.3258
0.6667 1.3416
0.6768 1.3583
0.6869 1.3759
0.6970 1.3945
0.7071 1.4141
0.7172 1.4349
0.7273 1.4570
0.7374 1.4804
0.7475 1.5054
0.7576 1.5320
0.7677 1.5605
0.7778 1.5910
0.7879 1.6238
0.7980 1.6592
0.8081 1.6976
0.8182 1.7393
0.8283 1.7847
0.8384 1.8346
0.8485 1.8896
0.8586 1.9506
0.8687 2.0187
0.8788 2.0955
0.8889 2.1828
0.8990 2.2833
0.9091 2.4004
0.9192 2.5393
0.9293 2.7075
0.9394 2.9168
0.9495 3.1869
0.9596 3.5539
0.9697 4.0931
0.9798 5.0003
0.9899 7.0535
1.0000 7071.0678
